100 10 10
44.5 24.5 43.5 35.0 31.0 48.5 47.0 25.5 10.5 1.0 2.5 10.0 38.0 20.5 43.0 16.0 40.5 38.5 28.0 6.5 3.5 1.0 29.5 3.5 18.0 25.5 17.0 31.0 8.0 13.5 9.0 36.0 25.0 10.5 36.5 28.0 47.0 17.0 49.5 2.5 49.5 6.0 41.0 37.0 27.5 15.0 24.5 46.5 43.5 20.0 13.5 42.5 11.0 44.0 27.0 40.0 9.0 9.5 22.5 38.0 26.5 14.0 32.5 25.0 49.5 41.0 35.0 19.5 33.0 17.0 6.0 21.5 39.5 5.0 38.0 31.5 2.0 44.0 34.5 42.0 32.5 45.5 37.5 42.5 49.5 4.5 28.0 33.5 35.5 33.0 34.5 24.0 16.0 10.5 6.5 26.0 37.0 41.0 37.0 38.5 
0 1 2 3 4 5 6 7 8 9 0 1 2 3 4 5 6 7 8 9 0 1 2 3 4 5 6 7 8 9 0 1 2 3 4 5 6 7 8 9 0 1 2 3 4 5 6 7 8 9 0 1 2 3 4 5 6 7 8 9 0 1 2 3 4 5 6 7 8 9 0 1 2 3 4 5 6 7 8 9 0 1 2 3 4 5 6 7 8 9 0 1 2 3 4 5 6 7 8 9 
0 10 20 30 40 50 60 70 80 90 100 
20 10 10
19.5 38.5 4.0 5.0 20.5 24.5 3.5 48.0 7.0 33.0 12.0 16.0 12.0 45.5 44.5 29.0 9.0 12.5 16.0 34.5 
1 6 8 6 9 0 3 2 3 7 9 0 8 3 6 7 8 0 0 3 
0 3 5 7 11 13 13 17 17 18 20 
80 10 10
1709.0 867.75 1680.0 2570.25 3927.25 2518.0 973.0 922.25 2073.0 48.75 984.0 2343.5 1948.5 1851.0 890.5 451.0 1326.75 68.25 168.0 1367.0 896.25 608.5 383.0 62.5 1855.25 175.5 504.0 2385.75 2618.0 1709.5 897.0 864.0 2308.25 965.25 1776.0 2207.25 3026.0 1931.5 748.5 567.0 1590.75 263.25 2112.0 2067.0 1132.75 1713.0 459.0 1399.25 2272.75 516.75 1200.0 2467.75 2647.75 1840.0 1015.0 587.0 2679.0 117.0 240.0 1713.25 427.5 223.0 498.0 500.75 2682.5 633.75 2040.0 2841.25 2724.75 2214.5 976.0 1442.75 1574.5 672.75 504.0 3141.25 3094.75 1419.5 549.0 618.0 
0 1 2 3 6 7 8 9 0 1 2 3 6 7 8 9 0 1 2 3 6 7 8 9 0 1 2 3 6 7 8 9 0 1 2 3 6 7 8 9 0 1 2 3 6 7 8 9 0 1 2 3 6 7 8 9 0 1 2 3 6 7 8 9 0 1 2 3 6 7 8 9 0 1 2 3 6 7 8 9 
0 8 16 24 32 40 48 56 64 72 80 
