22 15 15
20.0 1.0 49.5 36.0 4.5 1.5 38.5 45.5 33.5 21.0 21.0 11.0 1.0 28.5 21.0 14.0 41.5 21.0 4.0 29.5 35.0 33.0 
7 10 2 7 4 0 13 5 11 12 8 3 8 11 2 8 11 1 7 11 14 2 
0 1 2 4 5 7 10 11 13 14 17 17 21 22 22 22 
22 15 15
16.5 16.5 18.5 14.0 0.5 43.5 20.5 30.5 34.5 43.5 16.5 8.5 44.5 20.5 41.5 33.5 19.5 36.0 15.0 7.5 1.5 29.5 
2 4 9 12 12 1 5 5 10 4 6 9 4 6 1 3 12 13 0 6 10 9 
0 2 4 5 7 8 9 12 13 13 14 18 18 21 21 22 
20 15 15
890.0 41.5 33.5 19.5 36.0 1602.0 24.75 137.25 24.75 24.75 315.0 157.5 1601.25 478.5 225.5 10.5 178.0 1421.0 294.0 16.5 
4 1 3 12 13 4 12 5 2 4 0 6 10 1 5 12 4 9 12 12 
0 1 5 7 8 10 13 13 15 15 16 16 19 20 20 20 
