96 31 31
32.5 35.5 7.0 22.0 2.5 30.5 18.0 18.0 20.5 4.5 30.0 13.5 18.0 16.0 11.5 34.5 27.5 33.5 23.5 41.0 4.5 44.0 47.5 2.5 45.0 23.5 42.5 44.0 48.5 36.5 41.5 17.0 24.5 39.5 0.5 44.0 48.5 45.0 7.0 35.0 14.5 15.0 10.0 43.5 15.5 45.5 39.5 48.0 4.0 23.5 36.5 13.5 25.5 35.0 14.5 43.5 2.0 19.5 14.0 30.0 28.0 39.0 43.0 22.5 18.5 44.0 37.5 38.0 25.5 9.5 10.0 44.0 18.0 27.5 29.0 41.5 24.5 26.5 9.5 39.5 26.5 39.5 28.5 18.0 22.0 31.0 16.0 29.5 38.5 24.5 18.0 27.5 4.5 46.5 46.5 12.5 
9 7 12 13 20 2 14 23 25 22 23 29 9 20 21 29 4 24 29 30 4 17 30 5 6 12 17 18 7 11 15 17 24 29 0 1 8 13 6 7 11 21 6 26 27 0 3 8 10 26 27 28 16 27 30 2 2 5 11 13 26 27 15 21 8 22 30 0 10 13 20 25 2 16 19 7 8 16 0 6 8 17 8 11 15 27 28 2 19 22 18 19 0 8 17 18 
0 1 5 8 9 12 16 17 19 20 23 28 34 38 42 45 52 55 56 62 64 67 72 75 77 78 81 82 87 90 92 96 
96 31 31
39.0 34.5 27.0 44.5 46.0 22.0 10.5 18.0 47.5 32.0 33.5 47.0 22.0 10.0 15.0 20.0 33.5 15.0 4.5 38.0 41.0 6.0 40.5 28.0 5.5 43.0 40.0 29.0 16.5 17.0 45.0 20.5 10.5 36.0 41.0 24.0 48.0 45.5 27.0 23.5 21.0 31.0 6.5 34.0 34.5 27.5 43.5 13.5 18.0 11.5 34.5 10.0 13.5 28.0 42.5 38.0 1.0 35.0 45.0 17.5 36.5 26.0 26.5 29.0 30.0 37.0 26.0 45.5 25.5 40.5 39.5 36.5 25.0 8.0 28.0 30.0 9.5 26.0 43.0 44.0 38.0 26.5 9.0 36.0 10.0 22.0 10.5 14.5 39.0 46.5 11.0 12.5 45.5 2.0 41.0 27.0 
0 7 5 10 12 29 1 14 15 25 4 8 20 21 22 2 16 22 0 19 24 28 14 22 23 27 18 23 30 2 6 10 12 16 2 10 15 16 28 16 19 22 26 14 15 1 28 29 1 12 14 29 13 23 27 0 1 18 28 19 24 0 2 6 8 9 13 15 21 27 12 13 16 22 17 23 8 0 15 5 8 14 0 14 21 3 19 20 27 18 23 26 10 14 16 21 
0 2 4 6 6 10 15 18 22 26 29 34 39 43 45 48 49 52 55 59 61 67 70 74 76 77 79 82 85 89 92 96 
258 31 31
1300.0 942.5 536.25 224.75 66.25 72.5 75.0 92.5 65.0 748.0 759.0 164.5 1496.0 217.0 1455.5 45.5 213.0 495.0 1403.0 504.0 540.0 783.0 914.0 533.0 881.5 177.75 164.25 112.5 840.0 627.75 36.0 1048.5 168.75 416.0 424.0 464.0 480.0 592.0 416.0 523.25 2324.25 293.25 901.5 431.25 465.75 297.0 288.75 495.0 1306.25 880.0 318.25 1092.75 258.5 293.75 1865.5 82.0 1681.0 1107.0 47.25 2161.25 594.0 176.0 213.75 1947.5 1282.5 1232.0 144.0 1870.0 1672.0 44.0 900.0 83.75 117.5 573.75 2059.75 1540.0 493.5 55.0 25.0 1441.0 1190.0 152.75 1806.25 1980.0 218.25 747.0 1496.5 232.75 876.0 229.5 1752.0 1660.75 1836.75 1843.0 910.5 1988.5 493.75 722.5 1276.5 19.5 1188.0 17.25 1958.0 3494.25 1552.5 1358.0 266.75 2085.5 157.5 734.5 348.0 1378.5 894.25 1330.0 382.5 105.0 1435.0 607.5 601.5 139.5 200.0 1914.0 1653.0 1710.75 335.0 155.0 150.0 2103.0 68.0 297.0 1034.0 180.0 1569.75 893.0 82.0 42.0 3880.75 144.0 141.75 195.75 365.0 1344.0 264.0 2590.5 315.0 659.75 293.25 2168.75 594.5 741.5 255.0 2001.0 957.0 351.0 574.0 653.25 1232.0 1980.5 336.0 92.0 3166.0 1707.0 637.0 429.0 585.0 292.5 378.0 44.0 774.0 1023.75 573.75 911.25 1706.25 1738.0 1606.0 824.25 2637.5 1012.5 870.0 101.75 795.5 2886.0 698.5 1437.5 1311.0 300.0 370.0 522.75 267.75 260.0 323.0 2219.75 918.0 1144.25 948.75 507.5 1058.5 671.0 186.75 992.25 1577.0 686.0 134.75 1701.5 1053.5 249.0 304.75 914.25 265.0 370.5 790.0 327.75 1073.25 1323.25 1334.5 145.75 1139.5 533.25 1106.0 1678.75 279.0 396.0 738.0 352.0 432.0 2270.25 864.0 819.0 168.0 232.0 310.0 798.0 156.75 1849.5 486.0 2324.75 894.25 612.5 673.75 196.0 1405.25 649.0 684.0 18.0 630.0 481.25 1003.75 810.0 650.5 12.5 155.25 627.75 1883.25 437.5 1302.0 1557.75 3975.75 562.5 
18 23 30 0 2 6 8 9 13 14 15 16 19 22 24 26 28 1 12 17 23 28 29 0 15 12 13 16 17 18 22 23 26 0 2 6 8 9 13 15 18 21 23 26 27 30 1 14 15 25 8 18 23 26 10 14 16 21 1 10 13 14 15 16 21 23 25 27 0 1 2 4 8 13 16 18 19 20 21 22 23 26 27 28 0 1 2 8 10 13 15 16 18 19 23 24 26 27 28 0 5 7 10 14 15 22 23 27 0 2 10 15 16 19 21 22 24 27 28 0 2 5 8 14 16 21 22 0 2 3 5 6 7 8 10 12 14 16 19 20 21 22 23 27 0 10 12 14 16 21 29 12 29 0 2 4 5 8 10 12 14 15 16 20 21 22 28 29 1 15 21 27 10 12 13 14 16 21 22 23 27 0 2 6 7 8 9 10 12 13 14 15 16 12 14 19 24 29 0 14 19 22 23 24 27 28 12 14 29 0 2 7 14 16 22 23 27 13 23 27 0 1 2 3 10 14 15 16 19 20 21 22 23 27 28 12 13 16 19 22 24 29 0 1 18 19 24 28 0 1 7 13 14 18 22 23 27 28 
0 3 17 23 25 33 46 50 54 58 68 84 99 108 119 127 144 151 153 168 172 181 193 198 206 209 217 220 235 242 248 258 
