17 13 13
2.5 31.5 8.0 33.0 7.0 25.0 41.0 2.0 35.5 25.0 19.5 46.5 7.5 24.5 20.0 27.0 16.0 
3 7 11 0 6 7 12 11 8 4 11 4 5 7 8 1 6 
0 3 4 5 7 7 8 9 10 10 11 12 15 17 
17 13 13
5.5 29.5 12.0 31.5 26.0 25.5 2.0 0.5 42.5 32.5 33.0 38.5 11.0 9.5 7.0 22.5 6.0 
2 5 10 10 2 6 1 3 6 9 10 8 5 10 1 12 4 
0 0 1 3 3 4 6 11 12 14 15 15 16 17 
26 13 13
1212.75 180.0 14.0 3.5 297.5 227.5 231.0 246.0 962.5 45.0 390.5 337.25 787.5 438.75 1464.75 195.0 220.0 191.25 943.25 190.0 32.0 148.5 8.0 680.0 520.0 528.0 
8 12 1 3 6 9 10 4 8 12 5 10 10 12 10 2 5 6 8 10 1 2 3 6 9 10 
0 2 2 7 9 9 10 12 13 13 14 15 20 26 
