53 23 23
26.0 19.5 31.0 30.5 40.0 49.0 44.0 16.5 0.5 22.0 0.5 6.5 26.5 48.5 31.0 8.0 38.5 30.5 33.0 25.0 32.0 30.0 15.0 48.0 39.0 42.0 42.0 34.0 39.0 16.5 42.0 44.0 44.5 5.5 46.5 29.0 48.5 35.0 24.0 8.0 17.5 27.5 48.5 33.0 46.5 31.5 29.5 13.5 30.0 4.5 33.0 6.0 44.0 
6 7 15 9 4 13 8 15 10 4 6 13 20 2 17 0 1 17 18 11 13 15 1 9 17 7 8 13 19 21 13 3 12 2 21 0 3 7 13 17 0 8 13 16 18 20 2 20 21 4 14 21 22 
0 3 4 6 8 9 11 13 15 19 20 22 25 30 31 33 35 39 40 46 46 49 53 53 
53 23 23
41.0 37.0 43.5 45.5 8.5 17.5 25.0 46.5 23.5 29.5 12.5 13.5 7.5 26.5 7.5 21.5 32.5 34.0 27.0 35.0 46.5 17.5 26.0 6.5 15.5 23.5 1.0 34.5 47.0 6.5 24.5 36.0 46.0 3.0 47.5 29.5 39.0 12.0 39.0 27.5 7.0 11.5 11.5 25.0 28.0 44.0 28.0 21.0 39.5 23.0 42.5 8.0 41.5 
5 20 22 18 0 4 3 7 6 14 20 8 11 19 0 15 3 21 22 11 22 4 13 0 5 8 11 18 1 4 9 1 9 11 15 4 14 5 12 2 16 18 13 15 6 8 11 22 3 9 3 5 10 
0 3 4 4 6 8 11 14 16 19 21 23 28 31 35 36 37 37 39 42 44 48 50 53 
112 23 23
146.25 351.0 195.0 1209.0 419.25 689.0 1067.5 1418.25 1764.0 1000.0 1860.0 2254.0 147.0 2327.5 1430.0 643.5 1496.0 1188.0 8.75 13.0 550.0 1023.0 6.75 3.75 13.25 234.0 742.0 1166.0 299.0 761.5 308.75 556.5 372.0 1209.0 907.5 694.0 1189.5 231.0 2131.25 296.0 348.0 162.5 387.5 587.5 25.0 862.5 1152.0 1472.0 96.0 1170.0 1520.0 468.0 1680.0 1521.0 682.5 2232.0 315.0 1224.0 2016.75 1943.5 102.0 448.5 3493.0 1428.0 1134.0 1512.0 1932.0 126.0 1995.0 374.0 2091.5 1059.25 1090.25 1836.75 1069.5 674.75 864.0 848.75 1189.0 1104.0 72.0 1892.5 1073.0 1261.5 96.0 312.0 1746.0 1278.75 893.75 717.5 882.0 1386.0 2231.0 1027.5 2303.75 325.5 534.75 647.5 935.0 2165.25 1185.0 378.0 594.0 690.0 378.0 283.5 2219.5 973.5 352.0 209.25 138.0 1826.0 
0 8 11 14 15 19 11 22 1 3 7 9 11 15 3 14 21 22 4 13 3 7 8 11 19 1 6 8 9 11 15 22 5 12 2 5 12 16 18 20 22 0 5 8 11 18 1 9 11 14 15 5 11 12 18 22 0 1 3 9 11 13 15 21 22 1 9 11 15 0 1 4 9 3 9 0 1 4 5 9 11 15 20 22 5 12 1 2 3 5 6 8 9 11 15 16 18 20 21 22 3 6 8 9 11 22 3 4 5 7 9 10 
0 6 8 14 18 20 25 32 34 41 46 51 56 65 69 73 75 84 86 100 100 106 112 112 
